0,280,200,-1,280,200,0,1,100,100,100	##
0,280,240,-1,280,240,0,1,100,100,100	##
0,280,280,-1,280,280,0,1,100,100,100	##
0,280,320,-1,280,320,0,1,100,100,100	##
0,280,360,-1,280,360,0,1,100,100,100	##
0,280,400,-1,280,400,0,1,100,100,100	##
0,280,440,-1,280,440,0,1,100,100,100	##
0,280,480,-1,280,480,0,1,100,100,100	##
0,280,520,-1,280,520,0,1,100,100,100	##
0,280,560,-1,280,560,0,1,100,100,100	##
0,280,600,-1,280,600,0,1,100,100,100	##
0,280,640,-1,280,640,0,1,100,100,100	##
0,280,680,-1,280,680,0,1,100,100,100	##
0,280,720,-1,280,720,0,1,100,100,100	##
0,280,760,-1,280,760,0,1,100,100,100	##
0,320,200,-1,320,200,0,1,100,100,100	##
0,360,200,-1,360,200,0,1,100,100,100	##
0,440,240,-1,440,240,0,1,100,100,100	##
0,440,200,-1,440,200,0,1,100,100,100	##
0,400,200,-1,400,200,0,1,100,100,100	##
0,320,360,-1,320,360,0,1,100,100,100	##
0,400,360,-1,400,360,0,1,100,100,100	##
0,360,360,-1,360,360,0,1,100,100,100	##
0,440,280,-1,440,280,0,1,100,100,100	##
3,440,320,-1,440,320,0,1,100,100,100	##
0,440,480,-1,440,480,0,1,100,100,100	##
4,400,480,-1,400,480,0,1,100,100,100	##
2,360,480,-1,360,480,0,1,100,100,100	##
2,320,480,-1,320,480,0,1,100,100,100	##
2,480,480,-1,480,480,0,1,100,100,100	##
2,520,480,-1,520,480,0,1,100,100,100	##
2,600,480,-1,600,480,0,1,100,100,100	##
4,560,480,-1,560,480,0,1,100,100,100	##
6,480,360,-1,480,360,0,1,100,100,100	##
2,640,480,-1,640,480,0,1,100,100,100	##
0,680,480,-1,680,480,0,1,100,100,100	##
0,760,480,-1,760,480,0,1,100,100,100	##
2,720,480,-1,720,480,0,1,100,100,100	##
0,800,480,-1,800,480,0,1,100,100,100	##
0,840,480,-1,840,480,0,1,100,100,100	##
0,880,480,-1,880,480,0,1,100,100,100	##
0,920,480,-1,920,480,0,1,100,100,100	##
0,960,480,-1,960,480,0,1,100,100,100	##
0,960,440,-1,960,440,0,1,100,100,100	##
0,960,400,-1,960,400,0,1,100,100,100	##
0,960,360,-1,960,360,0,1,100,100,100	##
0,960,320,-1,960,320,0,1,100,100,100	##
0,960,280,-1,960,280,0,1,100,100,100	##
0,280,800,-1,280,800,0,1,100,100,100	##
0,320,800,-1,320,800,0,1,100,100,100	##
0,360,800,-1,360,800,0,1,100,100,100	##
0,400,800,-1,400,800,0,1,100,100,100	##
0,440,800,-1,440,800,0,1,100,100,100	##
0,480,800,-1,480,800,0,1,100,100,100	##
0,600,800,-1,600,800,0,1,100,100,100	##
0,640,800,-1,640,800,0,1,100,100,100	##
0,680,800,-1,680,800,0,1,100,100,100	##
0,720,800,-1,720,800,0,1,100,100,100	##
0,760,800,-1,760,800,0,1,100,100,100	##
0,800,800,-1,800,800,0,1,100,100,100	##
0,840,800,-1,840,800,0,1,100,100,100	##
0,960,800,-1,960,800,0,1,100,100,100	##
0,960,520,-1,960,520,0,1,100,100,100	##
0,960,560,-1,960,560,0,1,100,100,100	##
0,960,600,-1,960,600,0,1,100,100,100	##
0,960,640,-1,960,640,0,1,100,100,100	##
0,960,680,-1,960,680,0,1,100,100,100	##
0,960,720,-1,960,720,0,1,100,100,100	##
0,960,760,-1,960,760,0,1,100,100,100	##
0,880,800,-1,880,800,0,1,100,100,100	##
0,560,800,-1,560,800,0,1,100,100,100	##
0,680,560,-1,680,560,0,1,100,100,100	##
0,720,560,-1,720,560,0,1,100,100,100	##
0,760,560,-1,760,560,0,1,100,100,100	##
0,760,520,-1,760,520,0,1,100,100,100	##
2,680,520,-1,680,520,0,1,100,100,100	##
2,720,520,-1,720,520,0,1,100,100,100	##
6,600,520,-1,600,520,0,1,100,100,100	##
6,640,600,-1,640,600,0,1,100,100,100	##
4,600,560,-1,600,560,0,1,100,100,100	##
5,760,600,-1,760,600,0,1,100,100,100	##
2,480,520,-1,480,520,0,1,100,100,100	##
2,520,520,-1,520,520,0,1,100,100,100	##
2,520,560,-1,520,560,0,1,100,100,100	##
2,480,560,-1,480,560,0,1,100,100,100	##
2,480,600,-1,480,600,0,1,100,100,100	##
2,520,600,-1,520,600,0,1,100,100,100	##
2,480,640,-1,480,640,0,1,100,100,100	##
2,520,640,-1,520,640,0,1,100,100,100	##
2,480,680,-1,480,680,0,1,100,100,100	##
2,520,680,-1,520,680,0,1,100,100,100	##
2,480,720,-1,480,720,0,1,100,100,100	##
2,520,720,-1,520,720,0,1,100,100,100	##
2,480,760,-1,480,760,0,1,100,100,100	##
4,520,800,-1,520,800,0,1,100,100,100	##
0,560,520,-1,560,520,0,1,100,100,100	##
0,560,560,-1,560,560,0,1,100,100,100	##
0,320,520,-1,320,520,0,1,100,100,100	##
0,360,600,-1,360,600,0,1,100,100,100	##
0,400,680,-1,400,680,0,1,100,100,100	##
0,440,760,-1,440,760,0,1,100,100,100	##
0,560,600,-1,560,600,0,1,100,100,100	##
0,560,640,-1,560,640,0,1,100,100,100	##
0,560,680,-1,560,680,0,1,100,100,100	##
4,400,720,-1,400,720,0,1,100,100,100	##
4,360,760,-1,360,760,0,1,100,100,100	##
4,400,760,-1,400,760,0,1,100,100,100	##
4,320,760,-1,320,760,0,1,100,100,100	##
6,520,760,-1,520,760,0,1,100,100,100	##
7,600,720,-1,600,720,0,7,160,0,100	##
2,720,640,-1,720,640,0,7,160,0,100	##
2,680,720,-1,680,720,0,7,160,0,100	##
2,720,680,-1,720,680,0,7,160,0,100	##
7,600,840,-1,600,840,0,1,200,0,100	##
7,640,840,-1,640,840,0,1,200,0,100	##
4,880,760,-1,880,760,0,1,200,0,100	##
4,880,680,-1,880,680,0,2,200,0,100	##
4,880,720,-1,880,720,0,2,200,0,100	##
0,880,840,-1,880,840,0,2,200,0,100	##
0,920,840,-1,920,840,0,2,200,0,100	##
0,960,840,-1,960,840,0,2,200,0,100	##
7,720,760,-1,720,760,0,1,200,0,100	##
7,760,760,-1,760,760,0,1,200,0,100	##
7,800,760,-1,800,760,0,1,200,0,100	##
